Model: New Project
 Gravity=[0 -9.81 0]

Using fourth order Runge-Kutta numerical integration method with Recursive formulation and dense matrix solver.

Hydraulics integration at every solution of derivatives using fourth order Runge-Kutta.

===============================================================================
Bodies:
-------------------------------------------------------------------------------
Rigid Body 0: Ground

 LOC=[0 0 0]; 	e=[1 	0 	0 	0];

 A=[	1 		0 		0 ;
		0 		1 		0 ;
		0 		0 		1];

 A RelTo=[	0 		0 		0 ;
		0 		0 		0 ;
		0 		0 		0];
 M=10; 	M0=10; 	Mxml=10;
 cm=[0 	0 	0]; 
 cm0=[0 	0 	0]; 
 cm_xml=[0 	0 	0];
 Icm=[	0 		0 		0;
		0 		0 		0;
		0 		0 		0];

 Ixml=[	1 		0 		0;
		0 		1 		0;
		0 		0 		1];

 ILOC=[	1 		0 		0;
		0 		1 		0;
		0 		0 		1];

 Itt=[	0 		0 		0;
		0 		0 		0;
		0 		0 		0];

 CS Ground.Origo Parent Ground

 GLO=[0.000000 0.000000 0.000000] e=[1.000000 0.000000 0.000000 0.000000];

 LOC=[0.000000 0.000000 0.000000] e=[1.000000 0.000000 0.000000 0.000000];

 A=[	1 		0 		0 ;
		0 		1 		0 ;
		0 		0 		1];


 CS Ground.Under_Carriage Parent Ground

 GLO=[0.000000 0.000000 0.000000] e=[1.000000 0.000000 0.000000 0.000000];

 LOC=[0.000000 0.000000 0.000000] e=[1.000000 0.000000 0.000000 0.000000];

 A=[	1 		0 		0 ;
		0 		1 		0 ;
		0 		0 		1];


 CS Ground.Origo_Cube Parent Ground

 GLO=[0.500000 -0.050000 0.000000] e=[1.000000 0.000000 0.000000 0.000000];

 LOC=[0.500000 -0.050000 0.000000] e=[1.000000 0.000000 0.000000 0.000000];

 A=[	1 		0 		0 ;
		0 		1 		0 ;
		0 		0 		1];

-------------------------------------------------------------------------------
Rigid Body 1: Under_Carriage

 LOC=[0 0 0]; 	e=[1 	0 	0 	0];

 A=[	1 		0 		0 ;
		0 		1 		0 ;
		0 		0 		1];

 A RelTo=[	1 		0 		0 ;
		0 		1 		0 ;
		0 		0 		1];
 M=5.89069999999998; 	M0=5.89069999999998; 	Mxml=3.4187;
 cm=[0.0162763150389598 	-0.045278830868997 	-0.00012187464987185]; 
 cm0=[0.0162763150389598 	-0.045278830868997 	-0.00012187464987185]; 
 cm_xml=[-0.00653 	-0.04107 	-0.00021];
 Icm=[	0.02467 		-0.000209 		0.000114;
		-0.000209 		0.047614 		-1.6e-05;
		0.000114 		-1.6e-05 		0.02529];

 Ixml=[	0.02467 		0.000209 		-0.000114;
		0.000209 		0.047614 		1.6e-05;
		-0.000114 		1.6e-05 		0.02529];

 ILOC=[	0.939880703554301 		0.00473047876123 		0.00010931193669;
		0.00473047876123 		1.0028117137095 		-0.000290213261890002;
		0.00010931193669 		-0.000290213261890002 		0.784041971734459];

 Itt=[	0.939880703554301 		0.00473047876123 		0.00010931193669;
		0.00473047876123 		1.0028117137095 		-0.000290213261890002;
		0.00010931193669 		-0.000290213261890002 		0.784041971734459];

 CS Under_Carriage.Origo Parent Under_Carriage

 GLO=[0.000000 0.000000 0.000000] e=[1.000000 0.000000 0.000000 0.000000];

 LOC=[0.000000 0.000000 0.000000] e=[1.000000 0.000000 0.000000 0.000000];

 A=[	1 		0 		0 ;
		0 		1 		0 ;
		0 		0 		1];


 CS Under_Carriage.DriveL Parent Under_Carriage

 GLO=[0.155000 -0.048000 0.099000] e=[1.000000 0.000000 0.000000 0.000000];

 LOC=[0.155000 -0.048000 0.099000] e=[1.000000 0.000000 0.000000 0.000000];

 A=[	1 		0 		0 ;
		0 		1 		0 ;
		0 		0 		1];


	 CS Under_Carriage.RollerL Parent Under_Carriage.DriveL

	 GLO=[-0.159500 -0.047000 0.099000] e=[1.000000 0.000000 0.000000 0.000000];

	 LOC=[-0.159500 -0.047000 0.099000] e=[1.000000 0.000000 0.000000 0.000000];

	 A=[	1 		0 		0 ;
			0 		1 		0 ;
			0 		0 		1];


	 CS Under_Carriage.GuideRollerL1 Parent Under_Carriage.DriveL

	 GLO=[0.106000 -0.066000 0.099000] e=[1.000000 0.000000 0.000000 0.000000];

	 LOC=[0.106000 -0.066000 0.099000] e=[1.000000 0.000000 0.000000 0.000000];

	 A=[	1 		0 		0 ;
			0 		1 		0 ;
			0 		0 		1];


	 CS Under_Carriage.GuideRollerL2 Parent Under_Carriage.DriveL

	 GLO=[0.075000 -0.066000 0.099000] e=[1.000000 0.000000 0.000000 0.000000];

	 LOC=[0.075000 -0.066000 0.099000] e=[1.000000 0.000000 0.000000 0.000000];

	 A=[	1 		0 		0 ;
			0 		1 		0 ;
			0 		0 		1];


	 CS Under_Carriage.GuideRollerL3 Parent Under_Carriage.DriveL

	 GLO=[0.045000 -0.066000 0.099000] e=[1.000000 0.000000 0.000000 0.000000];

	 LOC=[0.045000 -0.066000 0.099000] e=[1.000000 0.000000 0.000000 0.000000];

	 A=[	1 		0 		0 ;
			0 		1 		0 ;
			0 		0 		1];


	 CS Under_Carriage.GuideRollerL4 Parent Under_Carriage.DriveL

	 GLO=[0.014000 -0.066000 0.099000] e=[1.000000 0.000000 0.000000 0.000000];

	 LOC=[0.014000 -0.066000 0.099000] e=[1.000000 0.000000 0.000000 0.000000];

	 A=[	1 		0 		0 ;
			0 		1 		0 ;
			0 		0 		1];


	 CS Under_Carriage.GuideRollerL5 Parent Under_Carriage.DriveL

	 GLO=[-0.016000 -0.066000 0.099000] e=[1.000000 0.000000 0.000000 0.000000];

	 LOC=[-0.016000 -0.066000 0.099000] e=[1.000000 0.000000 0.000000 0.000000];

	 A=[	1 		0 		0 ;
			0 		1 		0 ;
			0 		0 		1];


	 CS Under_Carriage.GuideRollerL6 Parent Under_Carriage.DriveL

	 GLO=[-0.047000 -0.066000 0.099000] e=[1.000000 0.000000 0.000000 0.000000];

	 LOC=[-0.047000 -0.066000 0.099000] e=[1.000000 0.000000 0.000000 0.000000];

	 A=[	1 		0 		0 ;
			0 		1 		0 ;
			0 		0 		1];


	 CS Under_Carriage.GuideRollerL7 Parent Under_Carriage.DriveL

	 GLO=[-0.077000 -0.066000 0.099000] e=[1.000000 0.000000 0.000000 0.000000];

	 LOC=[-0.077000 -0.066000 0.099000] e=[1.000000 0.000000 0.000000 0.000000];

	 A=[	1 		0 		0 ;
			0 		1 		0 ;
			0 		0 		1];


	 CS Under_Carriage.GuideRollerL8 Parent Under_Carriage.DriveL

	 GLO=[-0.108000 -0.066000 0.099000] e=[1.000000 0.000000 0.000000 0.000000];

	 LOC=[-0.108000 -0.066000 0.099000] e=[1.000000 0.000000 0.000000 0.000000];

	 A=[	1 		0 		0 ;
			0 		1 		0 ;
			0 		0 		1];


	 CS Under_Carriage.GuideRollerTopL1 Parent Under_Carriage.DriveL

	 GLO=[0.045000 -0.009000 0.099000] e=[1.000000 0.000000 0.000000 0.000000];

	 LOC=[0.045000 -0.009000 0.099000] e=[1.000000 0.000000 0.000000 0.000000];

	 A=[	1 		0 		0 ;
			0 		1 		0 ;
			0 		0 		1];


	 CS Under_Carriage.GuideRollerTopL2 Parent Under_Carriage.DriveL

	 GLO=[-0.043000 -0.009000 0.099000] e=[1.000000 0.000000 0.000000 0.000000];

	 LOC=[-0.043000 -0.009000 0.099000] e=[1.000000 0.000000 0.000000 0.000000];

	 A=[	1 		0 		0 ;
			0 		1 		0 ;
			0 		0 		1];


 CS Under_Carriage.DriveR Parent Under_Carriage

 GLO=[0.155000 -0.050000 -0.099000] e=[1.000000 0.000000 0.000000 0.000000];

 LOC=[0.155000 -0.050000 -0.099000] e=[1.000000 0.000000 0.000000 0.000000];

 A=[	1 		0 		0 ;
		0 		1 		0 ;
		0 		0 		1];


	 CS Under_Carriage.RollerR Parent Under_Carriage.DriveR

	 GLO=[-0.159500 -0.049000 -0.099000] e=[1.000000 0.000000 0.000000 0.000000];

	 LOC=[-0.159500 -0.049000 -0.099000] e=[1.000000 0.000000 0.000000 0.000000];

	 A=[	1 		0 		0 ;
			0 		1 		0 ;
			0 		0 		1];


	 CS Under_Carriage.GuideRollerR1 Parent Under_Carriage.DriveR

	 GLO=[0.106000 -0.068000 -0.099000] e=[1.000000 0.000000 0.000000 0.000000];

	 LOC=[0.106000 -0.068000 -0.099000] e=[1.000000 0.000000 0.000000 0.000000];

	 A=[	1 		0 		0 ;
			0 		1 		0 ;
			0 		0 		1];


	 CS Under_Carriage.GuideRollerR2 Parent Under_Carriage.DriveR

	 GLO=[0.075000 -0.068000 -0.099000] e=[1.000000 0.000000 0.000000 0.000000];

	 LOC=[0.075000 -0.068000 -0.099000] e=[1.000000 0.000000 0.000000 0.000000];

	 A=[	1 		0 		0 ;
			0 		1 		0 ;
			0 		0 		1];


	 CS Under_Carriage.GuideRollerR3 Parent Under_Carriage.DriveR

	 GLO=[0.045000 -0.068000 -0.099000] e=[1.000000 0.000000 0.000000 0.000000];

	 LOC=[0.045000 -0.068000 -0.099000] e=[1.000000 0.000000 0.000000 0.000000];

	 A=[	1 		0 		0 ;
			0 		1 		0 ;
			0 		0 		1];


	 CS Under_Carriage.GuideRollerR4 Parent Under_Carriage.DriveR

	 GLO=[0.014000 -0.068000 -0.099000] e=[1.000000 0.000000 0.000000 0.000000];

	 LOC=[0.014000 -0.068000 -0.099000] e=[1.000000 0.000000 0.000000 0.000000];

	 A=[	1 		0 		0 ;
			0 		1 		0 ;
			0 		0 		1];


	 CS Under_Carriage.GuideRollerR5 Parent Under_Carriage.DriveR

	 GLO=[-0.016000 -0.068000 -0.099000] e=[1.000000 0.000000 0.000000 0.000000];

	 LOC=[-0.016000 -0.068000 -0.099000] e=[1.000000 0.000000 0.000000 0.000000];

	 A=[	1 		0 		0 ;
			0 		1 		0 ;
			0 		0 		1];


	 CS Under_Carriage.GuideRollerR6 Parent Under_Carriage.DriveR

	 GLO=[-0.047000 -0.068000 -0.099000] e=[1.000000 0.000000 0.000000 0.000000];

	 LOC=[-0.047000 -0.068000 -0.099000] e=[1.000000 0.000000 0.000000 0.000000];

	 A=[	1 		0 		0 ;
			0 		1 		0 ;
			0 		0 		1];


	 CS Under_Carriage.GuideRollerR7 Parent Under_Carriage.DriveR

	 GLO=[-0.077000 -0.068000 -0.099000] e=[1.000000 0.000000 0.000000 0.000000];

	 LOC=[-0.077000 -0.068000 -0.099000] e=[1.000000 0.000000 0.000000 0.000000];

	 A=[	1 		0 		0 ;
			0 		1 		0 ;
			0 		0 		1];


	 CS Under_Carriage.GuideRollerR8 Parent Under_Carriage.DriveR

	 GLO=[-0.108000 -0.068000 -0.099000] e=[1.000000 0.000000 0.000000 0.000000];

	 LOC=[-0.108000 -0.068000 -0.099000] e=[1.000000 0.000000 0.000000 0.000000];

	 A=[	1 		0 		0 ;
			0 		1 		0 ;
			0 		0 		1];


	 CS Under_Carriage.GuideRollerTopR1 Parent Under_Carriage.DriveR

	 GLO=[0.045000 -0.011000 -0.099000] e=[1.000000 0.000000 0.000000 0.000000];

	 LOC=[0.045000 -0.011000 -0.099000] e=[1.000000 0.000000 0.000000 0.000000];

	 A=[	1 		0 		0 ;
			0 		1 		0 ;
			0 		0 		1];


	 CS Under_Carriage.GuideRollerTopR2 Parent Under_Carriage.DriveR

	 GLO=[-0.043000 -0.011000 -0.099000] e=[1.000000 0.000000 0.000000 0.000000];

	 LOC=[-0.043000 -0.011000 -0.099000] e=[1.000000 0.000000 0.000000 0.000000];

	 A=[	1 		0 		0 ;
			0 		1 		0 ;
			0 		0 		1];


 CS Under_Carriage.GroundOrigo Parent Under_Carriage

 GLO=[0.000000 0.000000 0.000000] e=[1.000000 0.000000 0.000000 0.000000];

 LOC=[0.000000 0.000000 0.000000] e=[1.000000 0.000000 0.000000 0.000000];

 A=[	1 		0 		0 ;
		0 		1 		0 ;
		0 		0 		1];


 CS Under_Carriage.OrigoRot Parent Under_Carriage

 GLO=[0.000000 0.002000 0.000000] e=[0.707107 -0.707107 0.000000 0.000000];

 LOC=[0.000000 0.002000 0.000000] e=[0.707107 -0.707107 0.000000 0.000000];

 A=[	1 		0 		0 ;
		0 		6.12323399573677e-17 		1 ;
		0 		-1 		6.12323399573677e-17];

-------------------------------------------------------------------------------
Rigid Body 2: Upper_Carriage

 LOC=[0 0 0]; 	e=[1 	0 	0 	0];

 A=[	1 		0 		0 ;
		0 		1 		0 ;
		0 		0 		1];

 A RelTo=[	1 		0 		0 ;
		0 		1 		0 ;
		0 		0 		1];
 Dummy-body 1: Cyl92mm_R_Body. LOC=[0.062 0.027 0.03];
 Dummy-body 2: Cyl92mm_L_Body. LOC=[0.062 0.027 -0.03];
 M=6.072; 	M0=6; 	Mxml=6;
 cm=[-0.0828896212675736 	0.054590400554777 	-0.016304347826087]; 
 cm0=[-0.0848 	0.05412 	-0.0165]; 
 cm_xml=[-0.0848 	0.05412 	-0.0165];
 Icm=[	0.1036 		-0.0015 		-0.0085;
		-0.0015 		0.1432 		-0.0012;
		-0.0085 		-0.0012 		0.0692];

 Ixml=[	0.1036 		0.0015 		0.0085;
		0.0015 		0.1432 		0.0012;
		0.0085 		0.0012 		0.0692];

 ILOC=[	0.1228073464 		0.026036256 		-0.0168952;
		0.026036256 		0.18797974 		0.00415788;
		-0.0168952 		0.00415788 		0.1299200864];

 Itt=[	0.123934036427224 		0.0256769763380779 		-0.0168952;
		0.0256769763380779 		0.188508561348129 		0.00415788;
		-0.0168952 		0.00415788 		0.131448631695353];

 CS Upper_Carriage.Origo Parent Upper_Carriage

 GLO=[0.000000 0.000000 0.000000] e=[1.000000 0.000000 0.000000 0.000000];

 LOC=[0.000000 0.000000 0.000000] e=[1.000000 0.000000 0.000000 0.000000];

 A=[	1 		0 		0 ;
		0 		1 		0 ;
		0 		0 		1];


 CS Upper_Carriage.OrigoRot Parent Upper_Carriage

 GLO=[0.000000 0.000000 0.000000] e=[0.707107 -0.707107 0.000000 0.000000];

 LOC=[0.000000 0.000000 0.000000] e=[0.707107 -0.707107 0.000000 0.000000];

 A=[	1 		0 		0 ;
		0 		6.12323399573677e-17 		1 ;
		0 		-1 		6.12323399573677e-17];


 CS Upper_Carriage.Origo_LiftBoom Parent Upper_Carriage

 GLO=[0.017000 0.079000 0.000000] e=[0.866025 0.000000 0.000000 0.500000];

 LOC=[0.017000 0.079000 0.000000] e=[0.866025 0.000000 0.000000 0.500000];

 A=[	0.5 		-0.866025403784439 		0 ;
		0.866025403784439 		0.5 		0 ;
		0 		0 		1];


 CS Upper_Carriage.OrigoLiftCyl1 Parent Upper_Carriage

 GLO=[0.062000 0.027000 0.030000] e=[1.000000 0.000000 0.000000 0.000000];

 LOC=[0.062000 0.027000 0.030000] e=[1.000000 0.000000 0.000000 0.000000];

 A=[	1 		0 		0 ;
		0 		1 		0 ;
		0 		0 		1];


 CS Upper_Carriage.OrigoLiftCyl2 Parent Upper_Carriage

 GLO=[0.062000 0.027000 -0.030000] e=[1.000000 0.000000 0.000000 0.000000];

 LOC=[0.062000 0.027000 -0.030000] e=[1.000000 0.000000 0.000000 0.000000];

 A=[	1 		0 		0 ;
		0 		1 		0 ;
		0 		0 		1];

-------------------------------------------------------------------------------
Rigid Body 3: Lift_Boom

 LOC=[0.017 0.079 0]; 	e=[0.866025403784439 	0 	0 	0.5];

 A=[	0.5 		-0.866025403784439 		0 ;
		0.866025403784439 		0.5 		0 ;
		0 		0 		1];

 A RelTo=[	1 		0 		0 ;
		0 		1 		0 ;
		0 		0 		1];
 Dummy-body 1: Cyl92mm_R_Rod. LOC=[0.203 -0.011 0.03];
 Dummy-body 2: Cyl92mm_L_Rod. LOC=[0.203 -0.011 -0.03];
 Dummy-body 3: Cyl125mm_Body. LOC=[0.27 -0.00799999999999999 0];
 M=1.415; 	M0=1.1; 	Mxml=1.1;
 cm=[0.213935323734308 	-0.0460324975838502 	3.59010600706715e-05]; 
 cm0=[0.2038 	-0.044 	7.8e-05]; 
 cm_xml=[0.2038 	-0.044 	7.8e-05];
 Icm=[	0.006 		0.008 		0;
		0.008 		0.018 		0;
		0 		0 		0.024];

 Ixml=[	0.006 		-0.008 		0;
		-0.008 		0.018 		0;
		0 		0 		0.024];

 ILOC=[	0.0081296066924 		0.01786392 		-1.748604e-05;
		0.01786392 		0.0636878906924 		3.7752e-06;
		-1.748604e-05 		3.7752e-06 		0.071817484];

 Itt=[	0.0114580931222586 		0.022399049138652 		0.000671290662549557;
		0.022399049138652 		0.0872825068859794 		-0.000176869903398055;
		0.000671290662549557 		-0.000176869903398055 		0.098488558623438];

 CS Lift_Boom.Origo_TiltB Parent Lift_Boom

 GLO=[0.405401 0.339731 0.000000] e=[0.866025 0.000000 0.000000 0.500000];

 LOC=[0.420000 -0.206000 0.000000] e=[1.000000 0.000000 0.000000 0.000000];

 A=[	0.5 		-0.866025403784439 		0 ;
		0.866025403784439 		0.5 		0 ;
		0 		0 		1];


 CS Lift_Boom.OrigoLiftCyl1 Parent Lift_Boom

 GLO=[0.128026 0.249303 0.030000] e=[0.866025 0.000000 0.000000 0.500000];

 LOC=[0.203000 -0.011000 0.030000] e=[1.000000 0.000000 0.000000 0.000000];

 A=[	0.5 		-0.866025403784439 		0 ;
		0.866025403784439 		0.5 		0 ;
		0 		0 		1];


 CS Lift_Boom.OrigoLiftCyl2 Parent Lift_Boom

 GLO=[0.128026 0.249303 -0.030000] e=[0.866025 0.000000 0.000000 0.500000];

 LOC=[0.203000 -0.011000 -0.030000] e=[1.000000 0.000000 0.000000 0.000000];

 A=[	0.5 		-0.866025403784439 		0 ;
		0.866025403784439 		0.5 		0 ;
		0 		0 		1];


 CS Lift_Boom.OrigoTiltCyl Parent Lift_Boom

 GLO=[0.158928 0.308827 0.000000] e=[0.866025 0.000000 0.000000 0.500000];

 LOC=[0.270000 -0.008000 0.000000] e=[1.000000 0.000000 0.000000 0.000000];

 A=[	0.5 		-0.866025403784439 		0 ;
		0.866025403784439 		0.5 		0 ;
		0 		0 		1];


 CS Lift_Boom.Origo Parent Lift_Boom

 GLO=[0.017000 0.079000 0.000000] e=[0.866025 0.000000 0.000000 0.500000];

 LOC=[0.000000 0.000000 0.000000] e=[1.000000 0.000000 0.000000 0.000000];

 A=[	0.5 		-0.866025403784439 		0 ;
		0.866025403784439 		0.5 		0 ;
		0 		0 		1];

-------------------------------------------------------------------------------
Rigid Body 4: Tilt_Boom

 LOC=[0.405401233179594 0.339730669589464 0]; 	e=[0.866025403784439 	0 	0 	0.5];

 A=[	0.5 		-0.866025403784439 		0 ;
		0.866025403784439 		0.5 		0 ;
		0 		0 		1];

 A RelTo=[	1 		0 		0 ;
		0 		1 		0 ;
		0 		0 		1];
 Dummy-body 1: Cyl125mm_Rod. LOC=[0.068 -0.02 0];
 Dummy-body 2: Cyl80mm_Body. LOC=[-0.014 -0.063 0];
 M=1.0085; 	M0=0.776; 	Mxml=0.776;
 cm=[-0.060360470921621 	-0.0269223168012163 	0.0007067116013882]; 
 cm0=[-0.0635 	-0.026 	6.125e-05]; 
 cm_xml=[-0.0635 	-0.026 	6.125e-05];
 Icm=[	0.00028 		-3.3e-05 		-2.3e-06;
		-3.3e-05 		0.00594 		0;
		-2.3e-06 		0 		0.006];

 Ixml=[	0.00028 		3.3e-05 		2.3e-06;
		3.3e-05 		0.00594 		0;
		2.3e-06 		0 		0.006];

 ILOC=[	0.0008045789112125 		-0.001314176 		7.18155e-07;
		-0.001314176 		0.0090690289112125 		1.23578e-06;
		7.18155e-07 		1.23578e-06 		0.009653602];

 Itt=[	0.00311529641203385 		-0.00189141789745452 		1.09234519115105e-05;
		-0.00189141789745452 		0.0105083928511387 		4.26344906668162e-05;
		1.09234519115105e-05 		4.26344906668162e-05 		0.0133786583144509];

 CS Tilt_Boom.Origo Parent Tilt_Boom

 GLO=[0.405401 0.339731 0.000000] e=[0.866025 0.000000 0.000000 0.500000];

 LOC=[0.000000 0.000000 0.000000] e=[1.000000 0.000000 0.000000 0.000000];

 A=[	0.5 		-0.866025403784439 		0 ;
		0.866025403784439 		0.5 		0 ;
		0 		0 		1];


 CS Tilt_Boom.OrigoTiltCyl Parent Tilt_Boom

 GLO=[0.456722 0.388620 0.000000] e=[0.866025 0.000000 0.000000 0.500000];

 LOC=[0.068000 -0.020000 0.000000] e=[1.000000 0.000000 0.000000 0.000000];

 A=[	0.5 		-0.866025403784439 		0 ;
		0.866025403784439 		0.5 		0 ;
		0 		0 		1];


 CS Tilt_Boom.OrigoArmCyl Parent Tilt_Boom

 GLO=[0.452961 0.296106 0.000000] e=[0.866025 0.000000 0.000000 0.500000];

 LOC=[-0.014000 -0.063000 0.000000] e=[1.000000 0.000000 0.000000 0.000000];

 A=[	0.5 		-0.866025403784439 		0 ;
		0.866025403784439 		0.5 		0 ;
		0 		0 		1];


 CS Tilt_Boom.OrigoTiltArm Parent Tilt_Boom

 GLO=[0.328150 0.149928 0.000000] e=[0.965926 0.000000 0.000000 -0.258819];

 LOC=[-0.203000 -0.028000 0.000000] e=[0.707107 0.000000 0.000000 -0.707107];

 A=[	0.866025403784439 		0.5 		0 ;
		-0.5 		0.866025403784439 		0 ;
		0 		0 		1];


 CS Tilt_Boom.OrigoArmEnd Parent Tilt_Boom

 GLO=[0.307382 0.109956 0.000000] e=[0.965926 0.000000 0.000000 -0.258819];

 LOC=[-0.248000 -0.030000 0.000000] e=[0.707107 0.000000 0.000000 -0.707107];

 A=[	0.866025403784439 		0.5 		0 ;
		-0.5 		0.866025403784439 		0 ;
		0 		0 		1];

-------------------------------------------------------------------------------
Rigid Body 5: Arm_End

 LOC=[0.307381995293128 0.109956369450923 0]; 	e=[0.965925826289068 	0 	0 	-0.258819045102521];

 A=[	0.866025403784439 		0.5 		0 ;
		-0.5 		0.866025403784439 		0 ;
		0 		0 		1];

 A RelTo=[	1 		0 		0 ;
		0 		1 		0 ;
		0 		0 		1];
 M=0.273; 	M0=0.273; 	Mxml=0.273;
 cm=[-0.01800541 	-0.02988011 	1.076e-05]; 
 cm0=[-0.01800541 	-0.02988011 	1.076e-05]; 
 cm_xml=[-0.01800541 	-0.02988011 	1.076e-05];
 Icm=[	0.00014643 		-1.8e-05 		-2e-08;
		-1.8e-05 		0.00011905 		-2e-08;
		-2e-08 		-2e-08 		0.00012252];

 Ixml=[	0.00014643 		1.8e-05 		2e-08;
		1.8e-05 		0.00011905 		2e-08;
		2e-08 		2e-08 		0.00012252];

 ILOC=[	0.000390170157403388 		-0.000164874991370862 		3.28905317668e-08;
		-0.000164874991370862 		0.000207555209077476 		6.77722255228e-08;
		3.28905317668e-08 		6.77722255228e-08 		0.000454765303266295];

 Itt=[	0.000390170157403388 		-0.000164874991370862 		3.28905317668e-08;
		-0.000164874991370862 		0.000207555209077476 		6.77722255228e-08;
		3.28905317668e-08 		6.77722255228e-08 		0.000454765303266295];

 CS Arm_End.Origo Parent Arm_End

 GLO=[0.307382 0.109956 0.000000] e=[0.965926 0.000000 0.000000 -0.258819];

 LOC=[0.000000 0.000000 0.000000] e=[1.000000 0.000000 0.000000 0.000000];

 A=[	0.866025403784439 		0.5 		0 ;
		-0.5 		0.866025403784439 		0 ;
		0 		0 		1];


 CS Arm_End.Origo2 Parent Arm_End

 GLO=[0.342889 0.089456 0.000000] e=[0.965926 0.000000 0.000000 -0.258819];

 LOC=[0.041000 0.000000 0.000000] e=[1.000000 0.000000 0.000000 0.000000];

 A=[	0.866025403784439 		0.5 		0 ;
		-0.5 		0.866025403784439 		0 ;
		0 		0 		1];


 CS Arm_End.OrigoRotate Parent Arm_End

 GLO=[0.305559 0.034799 0.000000] e=[0.683013 0.683013 -0.183013 -0.183013];

 LOC=[0.036000 -0.066000 0.000000] e=[0.707107 0.707107 0.000000 0.000000];

 A=[	0.866025403784439 		3.06161699786838e-17 		-0.5 ;
		-0.5 		5.30287619362453e-17 		-0.866025403784439 ;
		0 		1 		6.12323399573677e-17];

-------------------------------------------------------------------------------
Rigid Body 6: Tilt_Arm

 LOC=[0.328149944485559 0.149927512621223 0]; 	e=[0.965925826289068 	0 	0 	-0.258819045102521];

 A=[	0.866025403784439 		0.5 		0 ;
		-0.5 		0.866025403784439 		0 ;
		0 		0 		1];

 A RelTo=[	1 		0 		0 ;
		0 		1 		0 ;
		0 		0 		1];
 M=0.0507; 	M0=0.0507; 	Mxml=0.0507;
 cm=[0.01856407 	-4.387e-05 	0]; 
 cm0=[0.01856407 	-4.387e-05 	0]; 
 cm_xml=[0.01856407 	-4.387e-05 	0];
 Icm=[	1.674e-05 		0 		0;
		0 		3.257e-05 		0;
		0 		0 		1.683e-05];

 Ixml=[	1.674e-05 		0 		0;
		0 		3.257e-05 		0;
		0 		0 		1.683e-05];

 ILOC=[	1.67400975760488e-05 		4.129037157063e-08 		0;
		4.129037157063e-08 		5.00424720347204e-05 		0;
		0 		0 		3.43025696107693e-05];

 Itt=[	1.67400975760488e-05 		4.129037157063e-08 		0;
		4.129037157063e-08 		5.00424720347204e-05 		0;
		0 		0 		3.43025696107693e-05];

 CS Tilt_Arm.Origo Parent Tilt_Arm

 GLO=[0.328150 0.149928 0.000000] e=[0.965926 0.000000 0.000000 -0.258819];

 LOC=[0.000000 0.000000 0.000000] e=[1.000000 0.000000 0.000000 0.000000];

 A=[	0.866025403784439 		0.5 		0 ;
		-0.5 		0.866025403784439 		0 ;
		0 		0 		1];


 CS Tilt_Arm.Origo2 Parent Tilt_Arm

 GLO=[0.367987 0.126928 0.000000] e=[0.965926 0.000000 0.000000 -0.258819];

 LOC=[0.046000 0.000000 0.000000] e=[1.000000 0.000000 0.000000 0.000000];

 A=[	0.866025403784439 		0.5 		0 ;
		-0.5 		0.866025403784439 		0 ;
		0 		0 		1];

-------------------------------------------------------------------------------
Rigid Body 7: X_Link

 LOC=[0.34288903684829 0.0894563694509234 0]; 	e=[0.965925826289068 	0 	0 	-0.258819045102521];

 A=[	0.866025403784439 		0.5 		0 ;
		-0.5 		0.866025403784439 		0 ;
		0 		0 		1];

 A RelTo=[	1 		0 		0 ;
		0 		1 		0 ;
		0 		0 		1];
 Dummy-body 1: Cyl80mm_Rod. LOC=[1.73472347597681e-17 0.049 0];
 M=0.1712; 	M0=0.1067; 	Mxml=0.1067;
 cm=[-0.000928906963591832 	0.0547315050751173 	0]; 
 cm0=[0 	0.02373 	0]; 
 cm_xml=[0 	0.02373 	0];
 Icm=[	5.691e-05 		0 		0;
		0 		1.376e-05 		0;
		0 		0 		4.545e-05];

 Ixml=[	5.691e-05 		0 		0;
		0 		1.376e-05 		0;
		0 		0 		4.545e-05];

 ILOC=[	0.00011699414643 		0 		0;
		0 		1.376e-05 		0;
		0 		0 		0.00010553414643];

 Itt=[	0.000937665966198301 		-0.000132003047166388 		0;
		-0.000132003047166388 		0.000249014815686009 		0;
		0 		0 		0.00116062078188431];

 CS X_Link.Origo Parent X_Link

 GLO=[0.367389 0.131892 0.000000] e=[0.965926 0.000000 0.000000 -0.258819];

 LOC=[0.000000 0.049000 0.000000] e=[1.000000 0.000000 0.000000 0.000000];

 A=[	0.866025403784439 		0.5 		0 ;
		-0.5 		0.866025403784439 		0 ;
		0 		0 		1];


 CS X_Link.Origo2 Parent X_Link

 GLO=[0.342889 0.089456 0.000000] e=[0.965926 0.000000 0.000000 -0.258819];

 LOC=[0.000000 0.000000 0.000000] e=[1.000000 0.000000 0.000000 0.000000];

 A=[	0.866025403784439 		0.5 		0 ;
		-0.5 		0.866025403784439 		0 ;
		0 		0 		1];

-------------------------------------------------------------------------------
Rigid Body 8: Gripper_Base

 LOC=[0.305558909829367 0.0347986928011505 0]; 	e=[0.683012701892219 	0.683012701892219 	-0.183012701892219 	-0.183012701892219];

 A=[	0.866025403784439 		3.06161699786838e-17 		-0.5 ;
		-0.5 		5.30287619362453e-17 		-0.866025403784439 ;
		0 		1 		6.12323399573677e-17];

 A RelTo=[	1 		0 		0 ;
		0 		1 		0 ;
		0 		0 		1];
 M=0.02601038; 	M0=0.02601038; 	Mxml=0.02601038;
 cm=[0 	0 	-0.00329875]; 
 cm0=[0 	0 	-0.00329875]; 
 cm_xml=[0 	0 	-0.00329875];
 Icm=[	1.905e-05 		0 		0;
		0 		1.124e-05 		0;
		0 		0 		2.02e-05];

 Ixml=[	1.905e-05 		0 		0;
		0 		1.124e-05 		0;
		0 		0 		2.02e-05];

 ILOC=[	1.93330384932062e-05 		0 		0;
		0 		1.15230384932062e-05 		0;
		0 		0 		2.02e-05];

 Itt=[	1.93330384932062e-05 		0 		0;
		0 		1.15230384932062e-05 		0;
		0 		0 		2.02e-05];

 CS Gripper_Base.OrigoRotate Parent Gripper_Base

 GLO=[0.305559 0.034799 0.000000] e=[0.683013 0.683013 -0.183013 -0.183013];

 LOC=[0.000000 0.000000 0.000000] e=[1.000000 0.000000 0.000000 0.000000];

 A=[	0.866025403784439 		3.06161699786838e-17 		-0.5 ;
		-0.5 		5.30287619362453e-17 		-0.866025403784439 ;
		0 		1 		6.12323399573677e-17];


 CS Gripper_Base.OrigoGrip1 Parent Gripper_Base

 GLO=[0.317460 0.005411 0.000000] e=[0.000000 0.965926 -0.258819 -0.000000];

 LOC=[0.025000 0.000000 0.019500] e=[0.707107 0.707107 0.000000 0.000000];

 A=[	0.866025403784439 		-0.5 		-6.12323399573677e-17 ;
		-0.5 		-0.866025403784439 		-1.06057523872491e-16 ;
		0 		1.22464679914735e-16 		-1];


 CS Gripper_Base.OrigoGrip2 Parent Gripper_Base

 GLO=[0.274158 0.030411 0.000000] e=[0.000000 0.965926 -0.258819 -0.000000];

 LOC=[-0.025000 0.000000 0.019500] e=[0.707107 0.707107 0.000000 0.000000];

 A=[	0.866025403784439 		-0.5 		-6.12323399573677e-17 ;
		-0.5 		-0.866025403784439 		-1.06057523872491e-16 ;
		0 		1.22464679914735e-16 		-1];

-------------------------------------------------------------------------------
Rigid Body 9: Gripper_1

 LOC=[0.317459544923978 0.0054111974273539 1.19403062916867e-18]; 	e=[5.91458985689335e-17 	0.965925826289068 	-0.258819045102521 	-1.58480957571588e-17];

 A=[	0.866025403784439 		-0.5 		-6.12323399573677e-17 ;
		-0.5 		-0.866025403784439 		-1.06057523872491e-16 ;
		0 		1.22464679914735e-16 		-1];

 A RelTo=[	1 		0 		0 ;
		0 		1 		0 ;
		0 		0 		1];
 Dummy-body 1: Cyl2_Gripper_Body. LOC=[-0.002 -0.013 0.015];
 Dummy-body 2: Cyl1_Gripper_Rod. LOC=[-0.002 -0.013 -0.015];
 M=0.2713; 	M0=0.2156; 	Mxml=0.2156;
 cm=[0.02103285745669 	0.00203618081828234 	0.00159947019535569]; 
 cm0=[0.03283448 	0.00592076 	0.00019359]; 
 cm_xml=[0.03283448 	0.00592076 	0.00019359];
 Icm=[	0.00028353 		-0.0001086 		-1e-08;
		-0.0001086 		0.00051304 		-1.3e-07;
		-1e-08 		-1.3e-07 		0.00041295];

 Ixml=[	0.00028353 		0.0001086 		1e-08;
		0.0001086 		0.00051304 		1.3e-07;
		1e-08 		1.3e-07 		0.00041295];

 ILOC=[	0.000291096024079765 		-0.000150513734343515 		-1.38044565757792e-06;
		-0.000150513734343515 		0.000745487103433453 		-3.7712070456304e-07;
		-1.38044565757792e-06 		-3.7712070456304e-07 		0.000652946967392829];

 Itt=[	0.000336827485058244 		-0.000155426211948842 		7.47173439109418e-06;
		-0.000155426211948842 		0.000814198355250514 		4.79999436655634e-06;
		7.47173439109418e-06 		4.79999436655634e-06 		0.000741062267709635];

 CS Gripper_1.OrigoRot Parent Gripper_1

 GLO=[0.317460 0.005411 0.000000] e=[0.000000 0.965926 -0.258819 -0.000000];

 LOC=[0.000000 0.000000 0.000000] e=[1.000000 0.000000 0.000000 0.000000];

 A=[	0.866025403784439 		-0.5 		-6.12323399573677e-17 ;
		-0.5 		-0.866025403784439 		-1.06057523872491e-16 ;
		0 		1.22464679914735e-16 		-1];


 CS Gripper_1.Origo1Cyl1_19mm Parent Gripper_1

 GLO=[0.322228 0.017670 0.015000] e=[0.000000 0.965926 -0.258819 -0.000000];

 LOC=[-0.002000 -0.013000 -0.015000] e=[1.000000 0.000000 0.000000 0.000000];

 A=[	0.866025403784439 		-0.5 		-6.12323399573677e-17 ;
		-0.5 		-0.866025403784439 		-1.06057523872491e-16 ;
		0 		1.22464679914735e-16 		-1];


 CS Gripper_1.Origo2Cyl2_19mm Parent Gripper_1

 GLO=[0.322228 0.017670 -0.015000] e=[0.000000 0.965926 -0.258819 -0.000000];

 LOC=[-0.002000 -0.013000 0.015000] e=[1.000000 0.000000 0.000000 0.000000];

 A=[	0.866025403784439 		-0.5 		-6.12323399573677e-17 ;
		-0.5 		-0.866025403784439 		-1.06057523872491e-16 ;
		0 		1.22464679914735e-16 		-1];


 CS Gripper_1.Origo_GripperLink Parent Gripper_1

 GLO=[0.306433 0.008313 0.000000] e=[0.000000 0.965926 -0.258819 -0.000000];

 LOC=[-0.011000 0.003000 0.000000] e=[1.000000 0.000000 0.000000 0.000000];

 A=[	0.866025403784439 		-0.5 		-6.12323399573677e-17 ;
		-0.5 		-0.866025403784439 		-1.06057523872491e-16 ;
		0 		1.22464679914735e-16 		-1];

-------------------------------------------------------------------------------
Rigid Body 10: Gripper_2

 LOC=[0.274158274734756 0.0304111974273539 1.19403062916867e-18]; 	e=[5.91458985689335e-17 	0.965925826289068 	-0.258819045102521 	-1.58480957571588e-17];

 A=[	0.866025403784439 		-0.5 		-6.12323399573677e-17 ;
		-0.5 		-0.866025403784439 		-1.06057523872491e-16 ;
		0 		1.22464679914735e-16 		-1];

 A RelTo=[	1 		0 		0 ;
		0 		1 		0 ;
		0 		0 		1];
 Dummy-body 1: Cyl1_Gripper_Body. LOC=[0.00200000000000001 -0.013 -0.015];
 Dummy-body 2: Cyl2_Gripper_Rod. LOC=[0.00200000000000001 -0.013 0.015];
 M=0.2713; 	M0=0.2156; 	Mxml=0.2156;
 cm=[-0.02103285745669 	0.00203618081828234 	-0.00159947019535569]; 
 cm0=[-0.03283448 	0.00592076 	-0.00019359]; 
 cm_xml=[-0.03283448 	0.00592076 	-0.00019359];
 Icm=[	0.00027597 		6.669e-05 		1.36e-06;
		6.669e-05 		0.00028063 		-1.2e-07;
		1.36e-06 		-1.2e-07 		0.000173];

 Ixml=[	0.00027597 		-6.669e-05 		-1.36e-06;
		-6.669e-05 		0.00028063 		1.2e-07;
		-1.36e-06 		1.2e-07 		0.000173];

 ILOC=[	0.000283536024079765 		0.000108603734343515 		-1.04456575779201e-08;
		0.000108603734343515 		0.000513077103433453 		1.2712070456304e-07;
		-1.04456575779201e-08 		1.2712070456304e-07 		0.000412996967392829];

 Itt=[	0.000316934776208822 		0.000132266355124137 		8.79639063398488e-06;
		0.000132266355124137 		0.000594121064099936 		-4.97145667543695e-06;
		8.79639063398488e-06 		-4.97145667543695e-06 		0.000501112267709635];

 CS Gripper_2.OrigoRot Parent Gripper_2

 GLO=[0.274158 0.030411 0.000000] e=[0.000000 0.965926 -0.258819 -0.000000];

 LOC=[0.000000 0.000000 0.000000] e=[1.000000 0.000000 0.000000 0.000000];

 A=[	0.866025403784439 		-0.5 		-6.12323399573677e-17 ;
		-0.5 		-0.866025403784439 		-1.06057523872491e-16 ;
		0 		1.22464679914735e-16 		-1];


 CS Gripper_2.Origo2Cyl1_19mm Parent Gripper_2

 GLO=[0.282390 0.040670 0.015000] e=[0.000000 0.965926 -0.258819 -0.000000];

 LOC=[0.002000 -0.013000 -0.015000] e=[1.000000 0.000000 0.000000 0.000000];

 A=[	0.866025403784439 		-0.5 		-6.12323399573677e-17 ;
		-0.5 		-0.866025403784439 		-1.06057523872491e-16 ;
		0 		1.22464679914735e-16 		-1];


 CS Gripper_2.Origo1Cyl2_19mm Parent Gripper_2

 GLO=[0.282390 0.040670 -0.015000] e=[0.000000 0.965926 -0.258819 -0.000000];

 LOC=[0.002000 -0.013000 0.015000] e=[1.000000 0.000000 0.000000 0.000000];

 A=[	0.866025403784439 		-0.5 		-6.12323399573677e-17 ;
		-0.5 		-0.866025403784439 		-1.06057523872491e-16 ;
		0 		1.22464679914735e-16 		-1];


 CS Gripper_2.Origo_GripperLink Parent Gripper_2

 GLO=[0.271256 0.019385 0.000000] e=[0.000000 0.965926 -0.258819 -0.000000];

 LOC=[0.003000 0.011000 0.000000] e=[1.000000 0.000000 0.000000 0.000000];

 A=[	0.866025403784439 		-0.5 		-6.12323399573677e-17 ;
		-0.5 		-0.866025403784439 		-1.06057523872491e-16 ;
		0 		1.22464679914735e-16 		-1];

-------------------------------------------------------------------------------
Rigid Body 11: GripperLink

 LOC=[0.27125635094611 0.0193849179857251 2.54114210823076e-18]; 	e=[5.91458985689335e-17 	0.965925826289068 	-0.258819045102521 	-1.58480957571588e-17];

 A=[	0.866025403784439 		-0.5 		-6.12323399573677e-17 ;
		-0.5 		-0.866025403784439 		-1.06057523872491e-16 ;
		0 		1.22464679914735e-16 		-1];

 A RelTo=[	1 		0 		0 ;
		0 		1 		0 ;
		0 		0 		1];
 M=0.0037; 	M0=0.0037; 	Mxml=0.0037;
 cm=[0.0175 	0.0020034 	0]; 
 cm0=[0.0175 	0.0020034 	0]; 
 cm_xml=[0.0175 	0.0020034 	0];
 Icm=[	2e-08 		0 		0;
		0 		4.8e-07 		0;
		0 		0 		4.9e-07];

 Ixml=[	2e-08 		0 		0;
		0 		4.8e-07 		0;
		0 		0 		4.9e-07];

 ILOC=[	3.4850362772e-08 		-1.2972015e-07 		0;
		-1.2972015e-07 		1.613125e-06 		0;
		0 		0 		1.637975362772e-06];

 Itt=[	3.4850362772e-08 		-1.2972015e-07 		0;
		-1.2972015e-07 		1.613125e-06 		0;
		0 		0 		1.637975362772e-06];

 CS GripperLink.Origo2 Parent GripperLink

 GLO=[0.271256 0.019385 0.000000] e=[0.000000 0.965926 -0.258819 -0.000000];

 LOC=[0.000000 0.000000 0.000000] e=[1.000000 0.000000 0.000000 0.000000];

 A=[	0.866025403784439 		-0.5 		-6.12323399573677e-17 ;
		-0.5 		-0.866025403784439 		-1.06057523872491e-16 ;
		0 		1.22464679914735e-16 		-1];


 CS GripperLink.Origo1 Parent GripperLink

 GLO=[0.301567 0.001885 0.000000] e=[0.000000 0.965926 -0.258819 -0.000000];

 LOC=[0.035000 0.000000 0.000000] e=[1.000000 0.000000 0.000000 0.000000];

 A=[	0.866025403784439 		-0.5 		-6.12323399573677e-17 ;
		-0.5 		-0.866025403784439 		-1.06057523872491e-16 ;
		0 		1.22464679914735e-16 		-1];

-------------------------------------------------------------------------------
Rigid Body 12: Cube

 LOC=[0.5 -0.05 0]; 	e=[1 	0 	0 	0];

 A=[	1 		0 		0 ;
		0 		1 		0 ;
		0 		0 		1];

 A RelTo=[	1 		0 		0 ;
		0 		1 		0 ;
		0 		0 		1];
 M=0.5004; 	M0=0.5004; 	Mxml=0.5004;
 cm=[0 	0 	0]; 
 cm0=[0 	0 	0]; 
 cm_xml=[0 	0 	0];
 Icm=[	0.0017 		0 		0;
		0 		0.0017 		0;
		0 		0 		0.0017];

 Ixml=[	0.0017 		0 		0;
		0 		0.0017 		0;
		0 		0 		0.0017];

 ILOC=[	0.0017 		0 		0;
		0 		0.0017 		0;
		0 		0 		0.0017];

 Itt=[	0.0017 		0 		0;
		0 		0.0017 		0;
		0 		0 		0.0017];

 CS Cube.Origo Parent Cube

 GLO=[0.500000 -0.050000 0.000000] e=[1.000000 0.000000 0.000000 0.000000];

 LOC=[0.000000 0.000000 0.000000] e=[1.000000 0.000000 0.000000 0.000000];

 A=[	1 		0 		0 ;
		0 		1 		0 ;
		0 		0 		1];



Total mass of bodies without dummy-bodies = 15.158410
Total mass of bodies including attached dummy-bodies = 15.953810


===============================================================================
Dummy-bodies:
-------------------------------------------------------------------------------
Body 13: Cyl92mm_R_Body

 LOC=[0.062 0.027 0.03]; 	e=[0.80147279783267 	0 	0 	0.598031231905384];
 u=[0 	0 	0];
 A=[	0.284717291331457 		-0.958611529253054 		0 ;
		0.958611529253054 		0.284717291331457 		0 ;
		0 		0 		1];
 A RelTo=[	0.284717291331457 		-0.958611529253054 		0 ;
		0.958611529253054 		0.284717291331457 		0 ;
		0 		0 		1];
 M=0.036; 	M0=0.036; 	Mxml=0.036;
 cm=[0.0681 	0.0053 	-0.0029]; 
 cm0=[0.0681 	0.0053 	-0.0029]; 
 cm_xml=[0.0681 	0.0053 	-0.0029];
 Icm=[	0 		0 		0;
		0 		8e-05 		0;
		0 		0 		7e-05];

 Itt=[	1.314e-06 		-1.299348e-05 		7.10964e-06;
		-1.299348e-05 		0.00024725672 		5.5332e-07;
		7.10964e-06 		5.5332e-07 		0.0002379652];
-------------------------------------------------------------------------------
Body 14: Cyl92mm_L_Body

 LOC=[0.062 0.027 -0.03]; 	e=[0.80147279783267 	0 	0 	0.598031231905384];
 u=[0 	0 	0];
 A=[	0.284717291331457 		-0.958611529253054 		0 ;
		0.958611529253054 		0.284717291331457 		0 ;
		0 		0 		1];
 A RelTo=[	0.284717291331457 		-0.958611529253054 		0 ;
		0.958611529253054 		0.284717291331457 		0 ;
		0 		0 		1];
 M=0.036; 	M0=0.036; 	Mxml=0.036;
 cm=[0.0681 	0.0053 	0.0029]; 
 cm0=[0.0681 	0.0053 	0.0029]; 
 cm_xml=[0.0681 	0.0053 	0.0029];
 Icm=[	0 		0 		0;
		0 		8e-05 		0;
		0 		0 		7e-05];

 Itt=[	1.314e-06 		-1.299348e-05 		-7.10964e-06;
		-1.299348e-05 		0.00024725672 		-5.5332e-07;
		-7.10964e-06 		-5.5332e-07 		0.0002379652];
-------------------------------------------------------------------------------
Body 15: Cyl92mm_R_Rod

 LOC=[0.128026279441629 0.249303156968241 0.03]; 	e=[0.80147279783267 	0 	0 	0.598031231905384];
 u=[0 	0 	0];
 A=[	0.284717291331457 		-0.958611529253054 		0 ;
		0.958611529253054 		0.284717291331457 		-0 ;
		0 		0 		1];
 A RelTo=[	0.972540582359523 		-0.23273335743679 		0 ;
		0.23273335743679 		0.972540582359523 		0 ;
		0 		0 		1];
 M=0.07; 	M0=0.07; 	Mxml=0.07;
 cm=[-0.063 	0 	0]; 
 cm0=[-0.063 	0 	0]; 
 cm_xml=[-0.063 	0 	0];
 Icm=[	0 		0 		0;
		0 		0.00015 		0;
		0 		0 		0.00015];

 Itt=[	0 		0 		0;
		0 		0.00042783 		0;
		0 		0 		0.00042783];
-------------------------------------------------------------------------------
Body 16: Cyl92mm_L_Rod

 LOC=[0.128026279441629 0.249303156968241 -0.03]; 	e=[0.80147279783267 	0 	0 	0.598031231905384];
 u=[0 	0 	0];
 A=[	0.284717291331457 		-0.958611529253054 		0 ;
		0.958611529253054 		0.284717291331457 		-0 ;
		0 		0 		1];
 A RelTo=[	0.972540582359523 		-0.23273335743679 		0 ;
		0.23273335743679 		0.972540582359523 		0 ;
		0 		0 		1];
 M=0.07; 	M0=0.07; 	Mxml=0.07;
 cm=[-0.063 	0 	0]; 
 cm0=[-0.063 	0 	0]; 
 cm_xml=[-0.063 	0 	0];
 Icm=[	0 		0 		0;
		0 		0.00015 		0;
		0 		0 		0.00015];

 Itt=[	0 		0 		0;
		0 		0.00042783 		0;
		0 		0 		0.00042783];
-------------------------------------------------------------------------------
Body 17: Cyl125mm_Body

 LOC=[0.158928203230276 0.308826859021798 0]; 	e=[0 	0.991444861373811 	0.130526192220052 	0];
 u=[0 	0 	0];
 A=[	0.965925826289068 		0.258819045102521 		0 ;
		0.258819045102521 		-0.965925826289068 		0 ;
		0 		0 		-1];
 A RelTo=[	0.707106781186547 		-0.707106781186548 		0 ;
		-0.707106781186548 		-0.707106781186547 		0 ;
		0 		0 		-1];
 M=0.175; 	M0=0.175; 	Mxml=0.175;
 cm=[0.0937 	0.0012 	0.0002]; 
 cm0=[0.0937 	0.0012 	0.0002]; 
 cm_xml=[0.0937 	0.0012 	0.0002];
 Icm=[	0 		0 		0;
		0 		0.0007 		-0.0007;
		0 		-0.0007 		0.0007];

 Itt=[	2.59e-07 		-1.9677e-05 		-3.2795e-06;
		-1.9677e-05 		0.00223645275 		-0.000700042;
		-3.2795e-06 		-0.000700042 		0.00223669775];
-------------------------------------------------------------------------------
Body 18: Cyl125mm_Rod

 LOC=[0.456721741255283 0.388620397046806 0]; 	e=[0 	0.991444861373811 	0.130526192220052 	0];
 u=[0 	0 	0];
 A=[	0.965925826289068 		0.258819045102521 		0 ;
		0.258819045102521 		-0.965925826289068 		0 ;
		0 		0 		-1];
 A RelTo=[	0.707106781186547 		-0.707106781186548 		0 ;
		-0.707106781186548 		-0.707106781186547 		0 ;
		0 		0 		-1];
 M=0.082; 	M0=0.082; 	Mxml=0.082;
 cm=[-0.0795 	0.0002 	-0.0063]; 
 cm0=[-0.0795 	0.0002 	-0.0063]; 
 cm_xml=[-0.0795 	0.0002 	-0.0063];
 Icm=[	0 		0 		0;
		0 		0.0003 		0;
		0 		0 		0.0003];

 Itt=[	3.25786e-06 		1.3038e-06 		-4.10697e-05;
		1.3038e-06 		0.00082151508 		1.0332e-07;
		-4.10697e-05 		1.0332e-07 		0.00081826378];
-------------------------------------------------------------------------------
Body 19: Cyl80mm_Body

 LOC=[0.452960833618014 0.296106313936482 0]; 	e=[0 	-0.518595035170655 	0.855019993623744 	0];
 u=[0 	0 	0];
 A=[	-0.462118378992695 		-0.886818247329837 		-0 ;
		-0.886818247329837 		0.462118378992695 		0 ;
		0 		0 		-1];
 A RelTo=[	-0.999066320223578 		-0.0432028679015602 		0 ;
		-0.0432028679015602 		0.999066320223578 		0 ;
		0 		0 		-1];
 M=0.1505; 	M0=0.1505; 	Mxml=0.1505;
 cm=[0.06946891 	0 	-0.0009873]; 
 cm0=[0.06946891 	0 	-0.0009873]; 
 cm_xml=[0.06946891 	0 	-0.0009873];
 Icm=[	9.06e-06 		0 		2.16e-06;
		0 		0.00036251 		0;
		2.16e-06 		0 		0.00036015];

 Itt=[	9.206701574145e-06 		0 		1.24822915538715e-05;
		0 		0.00108895908479065 		0;
		1.24822915538715e-05 		0 		0.00108645238321651];
-------------------------------------------------------------------------------
Body 20: Cyl80mm_Rod

 LOC=[0.36738903684829 0.131891614236361 0]; 	e=[0 	-0.518595035170655 	0.855019993623744 	0];
 u=[0 	0 	0];
 A=[	-0.462118378992695 		-0.886818247329837 		0 ;
		-0.886818247329837 		0.462118378992695 		-0 ;
		0 		-0 		-1];
 A RelTo=[	0.0432028679015602 		-0.999066320223578 		0 ;
		-0.999066320223578 		-0.0432028679015602 		0 ;
		0 		0 		-1];
 M=0.0645; 	M0=0.0645; 	Mxml=0.0645;
 cm=[-0.05706945 	0 	0]; 
 cm0=[-0.05706945 	0 	0]; 
 cm_xml=[-0.05706945 	0 	0];
 Icm=[	9.8e-07 		0 		0;
		0 		0.00011954 		0;
		0 		0 		0.00011968];

 Itt=[	9.8e-07 		0 		0;
		0 		0.000329611476953011 		0;
		0 		0 		0.000329751476953011];
-------------------------------------------------------------------------------
Body 21: Cyl1_Gripper_Body

 LOC=[0.282390325542325 0.0406695276765516 0.015]; 	e=[5.91458985689335e-17 	0.965925826289068 	-0.258819045102521 	-1.58480957571588e-17];
 u=[0 	0 	0];
 A=[	0.866025403784438 		-0.5 		-6.12323399573677e-17 ;
		-0.5 		-0.866025403784438 		-1.06057523872491e-16 ;
		0 		1.22464679914735e-16 		-1];
 A RelTo=[	1 		-3.33066907387547e-16 		-3.69778549322349e-32 ;
		3.33066907387547e-16 		1 		0 ;
		4.31408307542741e-32 		-2.46519032881566e-32 		1];
 M=0.041; 	M0=0.041; 	Mxml=0.041;
 cm=[0.02202139 	0 	5.614e-05]; 
 cm0=[0.02202139 	0 	5.614e-05]; 
 cm_xml=[0.02202139 	0 	5.614e-05];
 Icm=[	1.34e-06 		0 		-4e-08;
		0 		1.133e-05 		0;
		-4e-08 		0 		1.136e-05];

 Itt=[	1.3401292196836e-06 		0 		-9.06875142186e-08;
		0 		3.12127355384997e-05 		0;
		-9.06875142186e-08 		0 		3.12426063188161e-05];
-------------------------------------------------------------------------------
Body 22: Cyl2_Gripper_Body

 LOC=[0.322227494116409 0.0176695276765516 -0.015]; 	e=[0.258819045102521 	1.58480957571588e-17 	5.91458985689335e-17 	0.965925826289068];
 u=[0 	0 	0];
 A=[	-0.866025403784438 		-0.5 		6.12323399573677e-17 ;
		0.5 		-0.866025403784438 		1.06057523872491e-16 ;
		0 		1.22464679914735e-16 		1];
 A RelTo=[	-1 		-3.33066907387547e-16 		3.69778549322349e-32 ;
		-3.33066907387547e-16 		1 		0 ;
		-4.31408307542741e-32 		-2.46519032881566e-32 		-1];
 M=0.041; 	M0=0.041; 	Mxml=0.041;
 cm=[0.02202139 	0 	5.614e-05]; 
 cm0=[0.02202139 	0 	5.614e-05]; 
 cm_xml=[0.02202139 	0 	5.614e-05];
 Icm=[	1.34e-06 		0 		-4e-08;
